00000001011010101100000000101010
00000001001010100101100000100010
00000001001010100101100000100010
00000001001010100101100000100010
00000001000010010110100000100000
00000001001010100101100000100010
00000001001010100101100000100010
00000001001010100101100000100010
00000001001010111100100000011010
00000001001010100101100000100010
00000001001010100101100000100010
00000001001010100101100000100010
10101100000010110000000000000000
00000001001010100101100000100010
00000001001010100101100000100010
00000001001010100101100000100010
00010011000000000000000000000011
00000001001010100101100000100010
00000001001010100101100000100010
00000001001010100101100000100010
00000001010010110101000000100010
00000001001010100101100000100010
00000001001010100101100000100010
00000001001010100101100000100010
00100001100011000000000000000001
00000001001010100101100000100010
00000001001010100101100000100010
00000001001010100101100000100010
00001011111111111111111111111000
00000001001010100101100000100010
00000001001010100101100000100010
00000001001010100101100000100010
00000001010011000111100000011000
00000001001010100101100000100010
00000001001010100101100000100010
00000001001010100101100000100010
10001100000011100000000000000000